0.000000
0.107257
0.211784
0.313621
0.418311
0.516832
0.614357
0.720944
0.824296
0.928240
1.020331
1.113243
1.196506
1.274532
1.339428
1.393310
1.437538
1.472368
1.496187
1.497160
1.493196
1.485828
1.477678
1.454509
1.418968
1.371126
1.319565
1.254599
1.173508
1.094415
1.025569
0.935494
0.852831
0.769049
0.685911
0.616951
0.546203
0.465985
0.381798
0.305195
0.212976
0.116112
0.025948
-0.064796
-0.144009
-0.238699
-0.338906
-0.436681
-0.540448
-0.633540
-0.716163
-0.785381
-0.845126
-0.902613
-0.961352
-1.018816
-1.077042
-1.124659
-1.167618
-1.204212
-1.220384
-1.217225
-1.202109
-1.168443
-1.125765
-1.095148
-1.045898
-0.995997
-0.945312
-0.890724
-0.829910
-0.764483
-0.707836
-0.651923
-0.597734
-0.538656
-0.469872
-0.383597
-0.274626
-0.176730
-0.069104
0.047973
0.139534
0.234857
0.335143
0.426656
0.506943
0.574700
0.634358
0.689120
0.736885
0.781450
0.808007
0.826815
0.830016
0.827595
0.813378
0.791590
0.765140
0.736361
0.700582
0.667587
0.633402
0.599709
0.565861
0.523666
0.482850
0.427807
0.356649
0.279944
0.204892
0.123742
0.029094
-0.063293
-0.150801
-0.240323
-0.327862
-0.424994
-0.514250
-0.611957
-0.705279
-0.785976
-0.863745
-0.934716
-1.002844
-1.066196
-1.112109
-1.146775
-1.180808
-1.210988
-1.233131
-1.251031
-1.270730
-1.294684
-1.319611
-1.336572
-1.357214
-1.381009
-1.405015
-1.417781
-1.425489
-1.432645
-1.429049
-1.420001
-1.402966
-1.369845
-1.342024
-1.320285
-1.280745
-1.224699
-1.173719
-1.100781
-1.021449
-0.939137
-0.853932
-0.769800
-0.665451
-0.554986
-0.453797
-0.353311
-0.259394
-0.164167
-0.061551
0.033430
0.125015
0.211622
0.300463
0.395265
0.467229
0.528098
0.579464
0.612674
0.638242
0.673442
0.702451
0.735883
0.773736
0.802905
0.835537
0.866281
0.905647
0.936288
0.967256
1.006623
1.038926
1.066376
1.083550
1.107535
1.123762
1.139273
1.170423
1.188480
1.199053
1.214273
1.227785
1.237941
1.263401
1.279941
1.299832
1.311417
1.332501
1.349378
1.371562
1.394317
1.420068
1.448437
1.475167
1.491230
1.503558
1.510763
1.507404
1.505407
1.492381
1.471264
1.447343
1.427163
1.406691
1.387350
1.363407
1.341700
1.332835
1.316783
1.293424
1.270800
1.232009
1.188100
1.144575
1.093076
1.060363
1.012599
0.970466
0.926970
0.882665
0.843450
0.797985
0.758297
0.716181
0.660597
0.598423
0.536154
0.473032
0.427828
0.381065
0.342819
0.310274
0.281595
0.256845
0.242563
0.231415
0.225498
0.215751
0.202827
0.188177
0.160060
0.130522
0.109886
0.079264
0.044157
0.011294
-0.031365
-0.076903
-0.116424
-0.161980
-0.209460
-0.264136
-0.316580
-0.362901
-0.415687
-0.464563
-0.502329
-0.552507
-0.592992
-0.623680
-0.658802
-0.690688
-0.712562
-0.721852
-0.722767
-0.724185
-0.715877
-0.702685
-0.693291
-0.684727
-0.667189
-0.649596
-0.621494
-0.603386
-0.576358
-0.559002
-0.547619
-0.530353
-0.505759
-0.476420
-0.453997
-0.432914
-0.421578
-0.410717
-0.402585
-0.399540
-0.388526
-0.381776
-0.381710
-0.389444
-0.389157
-0.393860
-0.389255
-0.388808
-0.394958
-0.393063
-0.393206
-0.396757
-0.414936
-0.430781
-0.454038
-0.475291
-0.482319
-0.491697
-0.504887
-0.520585
-0.537282
-0.551170
-0.561291
-0.574528
-0.581927
-0.574560
-0.564145
-0.556095
-0.538682
-0.523779
-0.505268
-0.485826
-0.467668
-0.448424
-0.415326
-0.387147
-0.342624
-0.306826
-0.270038
-0.226241
-0.189147
-0.150693
-0.116976
-0.090847
-0.076488
-0.074225
-0.064457
-0.064318
-0.062711
-0.056421
-0.057006
-0.051004
-0.043040
-0.038207
-0.023343
-0.020275
-0.023938
-0.036175
-0.053351
-0.066057
-0.085218
-0.112307
-0.127680
-0.141802
-0.165109
-0.188832
-0.204004
-0.219474
-0.237703
-0.246986
-0.251152
-0.252049
-0.245099
-0.239678
-0.236460
-0.228337
-0.217119
-0.205964
-0.189025
-0.163634
-0.144788
-0.131032
-0.097397
-0.068017
-0.050813
-0.032597
-0.016229
0.003788
0.021906
0.026556
0.032269
0.049293
0.061522
0.071525
0.089613
0.098326
0.094764
0.089142
0.102960
0.106743
0.098009
0.092956
0.079742
0.059703
0.046225
0.030125
0.019428
0.006633
-0.003326
-0.008396
-0.010241
-0.004206
-0.001253
-0.011152
-0.021832
-0.046308
-0.073860
-0.108737
-0.135688
-0.156795
-0.173213
-0.181221
-0.184557
-0.180724
-0.177131
-0.170301
-0.157608
-0.148393
-0.135396
-0.115896
-0.091616
-0.064919
-0.029215
0.000000
